feature	p_value	HR	HR_low	HR_high	present	absent	present_MGUS	present_SMM	FDR
radiology	0.264412355409208	26278148.1195556	0	Inf	70	2	3	67	0.714360994743289
CNV_chr3.gain	0.0333544598621532	1.77212511598063	1.03826493989761	3.02468792502913	53	112	11	42	0.24650574280394
CNV_chr5.gain	0.315866211374235	1.30986426441477	0.771022656348131	2.22528401346505	66	99	16	50	0.72529089725842
CNV_chr7.gain	0.324926678711959	1.31765811974393	0.759892943651219	2.28482569160953	49	116	10	39	0.72529089725842
CNV_chr9.gain	0.373562303793348	1.27684776455579	0.744104225731256	2.19101055668501	88	77	19	69	0.73235376033224
CNV_chr11.gain	0.493172862299477	1.20328741085255	0.706874358897337	2.04831392579415	66	99	17	49	0.777695667472252
CNV_chr15.gain	0.0154944913659358	1.91342894278816	1.12057597328172	3.26725755896512	70	95	14	56	0.13491746981973
CNV_chr19.gain	0.1460043554936	1.48196446835148	0.86896291844562	2.52740207762241	78	87	17	61	0.591719278628611
CNV_chr21.gain	0.163564678645307	1.51130570511092	0.841567100180149	2.71403781565592	38	127	8	30	0.591719278628611
CNV_chr18.gain	0.234769533370469	1.49220850645786	0.768354460203174	2.89799349398766	23	142	4	19	0.711697136323167
CNV_Gain_Amp1q	0.991706573630185	1.00297633294495	0.569703573596497	1.76576305831671	58	107	9	49	0.991706573630185
CNV_Amp_17q22	0.605447528451623	0.810683317190818	0.365598313385153	1.79762164296187	25	140	7	18	0.809457021734235
CNV_Amp_2q24.3	0.43214179827753	1.40267022868799	0.599796348874847	3.28025299610178	13	152	2	11	0.738242238724114
CNV_Amp_2q32.1	0.50668743142212	1.33143873378372	0.569465898783113	3.11296796806924	14	151	2	12	0.788893089429377
CNV_Amp_4q13.2	0.579539335441861	1.25128652009007	0.56553590472512	2.76855623538199	18	147	3	15	0.796864413077143
CNV_Amp_6p24.3	0.338437242675802	1.34588650750007	0.731270614904135	2.47707271993719	36	129	6	30	0.725910041523933
CNV_Amp_8q24.21	0.64885200913416	1.23757335374783	0.492521239272914	3.10968884949543	13	152	1	12	0.83167608495796
CNV_chr8p.loss	0.264656631191736	1.42339730290826	0.762816454378216	2.65602540466696	32	133	4	28	0.714360994743289
CNV_Del_10p15.3	0.342299043970635	1.46800145741118	0.661790209998546	3.2563616783725	18	147	1	17	0.725910041523933
CNV_Del_10q24.32	0.000124927643717148	10.0965565926338	2.33820179098187	43.5978004214294	3	162	0	3	0.00307322003544184
CNV_Del_10q26.3	0.232496776145827	2.31412002299701	0.559568706619422	9.57014110597482	5	160	1	4	0.711697136323167
CNV_Del_11q22.1	0.426139126803878	1.60130486100855	0.498202025049396	5.14686237502824	7	158	0	7	0.738241022491225
CNV_Del_12p13.2	0.32615534273291	1.58301001757749	0.628432264614517	3.98757488571633	9	156	1	8	0.72529089725842
CNV_Del_12q24.31	0.147252666039853	2.0967689775349	0.753884938402729	5.83171240225011	7	158	1	6	0.591719278628611
CNV_Del_14q24.3	0.852923297521393	0.93718661914863	0.471932478773421	1.86111106697729	30	135	4	26	0.953723323592103
CNV_Del_20p13	0.398924406034635	0.608464664256827	0.189675827334906	1.95190527359856	14	151	4	10	0.73235376033224
CNV_Del_20q13.12	0.693805818868006	0.792017073040935	0.246696900956876	2.54276013016469	12	153	5	7	0.838191527332603
CNV_Del_22q13.32	0.909591813936213	1.04231755875098	0.509581685756711	2.13199556351263	25	140	2	23	0.964480975122019
CNV_Del_2q31.1	0.0123693421589948	2.84209206930498	1.20776555561717	6.68795967300015	6	159	0	6	0.117033006581258
CNV_Del_2q37.3	0.162464327566941	2.66188446917943	0.636124673513819	11.1387424859959	4	161	1	3	0.591719278628611
CNV_Del_6q26	0.306865574096439	1.42702973041195	0.718877619519067	2.83276846599005	24	141	5	19	0.72529089725842
CNV_Del_7p11.2	0.284582835304237	0.355147996430234	0.0489652077643972	2.57591267610467	7	158	2	5	0.714360994743289
CNV_Del_7p22.2	0.75611073091826	1.17499074974857	0.423113911343616	3.26295880371917	11	154	1	10	0.877373772669302
CNV_Del_8q24.21	0.0340698994119266	2.21145454825014	1.04045285483071	4.70038714033994	14	151	1	13	0.24650574280394
CNV_Del_9p21.3	0.330213741841232	0.000000102431690041741	0	Inf	1	164	0	1	0.72529089725842
CNV.SNV_ARID1A	0.817836980017994	1.12834665147859	0.405766533165056	3.13768155291667	8	157	2	6	0.93959606277072
CNV.SNV_ARID2	0.10015144963371	2.13633234406325	0.847957065790715	5.38224878170568	9	156	1	8	0.492745132197853
CNV.SNV_ATM	0.900524137012568	1.07942455357787	0.335537226839587	3.47251295434894	12	153	2	10	0.964480975122019
CNV.SNV_BTG1	0.156271502728148	1.83405943694354	0.783105151269779	4.29543084065712	12	153	1	11	0.591719278628611
CNV.SNV_CDKN1B	0.237232378774389	1.73284860224905	0.689008275068338	4.35809610271905	9	156	1	8	0.711697136323167
CNV.SNV_CDKN2C	0.695085656812403	1.22810135026817	0.440374064620863	3.42489044587359	7	158	1	6	0.838191527332603
CNV.SNV_CREBBP	0.0164533499780158	2.43909842538547	1.14899076447588	5.17776235689035	13	152	1	12	0.13491746981973
CNV.SNV_CYLD	0.150544493781429	1.64435258182475	0.828118715365001	3.2651060327286	21	144	4	17	0.591719278628611
CNV.SNV_DNMT3A	0.03843323025343	2.58129861562341	1.0176160826282	6.54775671961721	8	157	0	8	0.262627073398438
CNV.SNV_EP300	0.581076272057067	1.251535987218	0.564531542269306	2.77458779540526	20	145	1	19	0.796864413077143
CNV.SNV_TENT5C	0.0973152215523673	1.93628920087211	0.87348420914409	4.29225374673658	11	154	1	10	0.492745132197853
CNV.SNV_FUBP1	0.726549927522264	1.17930163668962	0.468615116604196	2.96779233324112	11	154	1	10	0.86762758335183
CNV.SNV_KMT2B	0.668886076247847	1.35949334465233	0.330024558715484	5.6002564213633	5	160	0	5	0.838191527332603
CNV.SNV_KMT2C	0.0463074608843749	3.8337033676004	0.922099151659686	15.9389383281581	4	161	0	4	0.299779878356743
CNV.SNV_MAX	0.954884253706608	0.976011966782523	0.41727355838834	2.2829133074762	20	145	3	17	0.983859132706203
CNV.SNV_NCOR1	0.00858638930528188	4.27920308686996	1.31023696916436	13.9757765119054	4	161	0	4	0.0880104903791393
CNV.SNV_NF1	0.00203654143092546	5.29835830161155	1.61588388576011	17.3729071374771	4	161	0	4	0.0278327328893146
CNV.SNV_NFKBIA	0.974324635504972	0.982927398262296	0.353068826753385	2.73642473378011	12	153	1	11	0.983859132706203
CNV.SNV_POT1	0.049026573783827	3.79680803573102	0.907823020333038	15.8794731322226	4	161	2	2	0.301513428770536
CNV.SNV_PRDM1	0.227570099604003	1.55058983100579	0.756208003921462	3.17945434529976	21	144	3	18	0.711697136323167
CNV.SNV_RASA2	0.246979581567077	1.81621658097735	0.65284296146865	5.05273528812557	6	159	1	5	0.714360994743289
CNV.SNV_RB1	0.583071521763763	0.857312371214004	0.494192376145141	1.48724370774331	67	98	10	57	0.796864413077143
CNV.SNV_RPL5	0.931373750375681	0.9600089467772	0.382117084142387	2.41187116760487	12	153	1	11	0.979136506805203
CNV.SNV_SETD2	0.541081637186517	1.43584029781369	0.446482982596812	4.61750490205678	6	159	1	5	0.796864413077143
CNV.SNV_SP140	0.906702787495749	1.07196151661268	0.333011771616435	3.45063325395625	8	157	1	7	0.964480975122019
CNV.SNV_TET2	0.00023081093471972	5.55974071297322	1.98514059224963	15.5710466634823	4	161	1	3	0.0035487181213157
CNV.SNV_TGDS	0.555329872694275	0.846022003964191	0.48473387952823	1.47659006605479	66	99	9	57	0.796864413077143
CNV.SNV_TP53	0.469870333014159	1.53538789576663	0.477286894021373	4.93920118066578	8	157	0	8	0.750572090399241
CNV.SNV_TRAF2	0.280341975905853	1.91055446193505	0.582537775118328	6.26606291974541	4	161	0	4	0.714360994743289
CNV.SNV_TRAF3	0.282731511085652	0.649159383608112	0.29345774308733	1.43600881303397	26	139	4	22	0.714360994743289
CNV.SNV_UBR5	0.176595450303877	1.78529513753975	0.760339794000015	4.19191360661971	13	152	1	12	0.620606868210768
CNV.SNV_ZNF292	0.313941035255748	1.50620063418553	0.675533109414241	3.35829631265306	15	150	3	12	0.72529089725842
SNV_BRAF	0.235681149078782	1.74062054761591	0.687343430968169	4.40792732464919	12	153	1	11	0.711697136323167
SNV_CCND1	0.162261589199939	0.265865587480263	0.036274410519571	1.94860535550507	7	158	3	4	0.591719278628611
SNV_DIS3	0.953769102225588	1.02805226500197	0.408804918415456	2.58531982362695	14	151	1	13	0.983859132706203
SNV_FGFR3	0.000182113354154013	7.09629249017191	2.13784363030649	23.5552153544788	3	162	0	3	0.00319999179442051
SNV_H1.4	0.908724142399272	1.07285310063678	0.334070035387243	3.4454265681498	8	157	0	8	0.964480975122019
SNV_IDH1	0.361412363483375	2.44312508351639	0.335907407000246	17.7693615839278	1	164	1	0	0.73235376033224
SNV_IRF4	0.456676373457969	0.000000109784292872485	0	Inf	2	163	1	1	0.742421033570397
SNV_KRAS	0.458731695539432	0.726723354218984	0.311042332920376	1.69792590162473	21	144	1	20	0.742421033570397
SNV_NFKB2	0.569624235558886	0.000000301850833817758	0	Inf	1	164	0	1	0.796864413077143
SNV_NRAS	0.0000407475812561926	4.32060834406635	2.01826372443162	9.24936431093659	12	153	0	12	0.00125298812362792
SNV_PIK3CA	0.445458077560473	0.000000109851133158088	0	Inf	1	164	1	0	0.740423561350516
SNV_SF3B1	0.391830614669738	0.43140761841841	0.0595008070516546	3.12789930845601	6	159	0	6	0.73235376033224
SNV_ABCF1	0.374622515621783	2.38790556910007	0.328024248957126	17.3831447677041	2	163	0	2	0.73235376033224
SNV_ACTG1	0.551165508379245	1.81139544275064	0.249126970571611	13.1706071104598	2	163	0	2	0.796864413077143
SNV_BHLHE41	0.000000000000466709601900052	80.4986198356873	7.29929188790625	887.76115477542	1	164	0	1	0.0000000000574052810337064
SNV_DDX3X	0.832650169447223	1.16457560838925	0.281841117135048	4.81205993448195	5	160	1	4	0.93959606277072
SNV_DTX1	0.395848176308869	0.434295482294634	0.0598876725319958	3.14943890732705	6	159	3	3	0.73235376033224
SNV_DUSP2	0.0620105836765004	0.0000000351382491078008	0	Inf	6	159	2	4	0.363204847248074
SNV_H1.2	0.649400967526783	1.38559075452058	0.336531027436005	5.70485804426453	5	160	0	5	0.83167608495796
SNV_H1.3	0.00447329497116074	6.20957611823211	1.46623105691495	26.2979258189013	2	163	0	2	0.0550215281452771
SNV_HLA.C	0.969852485253682	1.02365076137291	0.318881982328808	3.28604605881701	9	156	4	5	0.983859132706203
SNV_HUWE1	0.975860277968754	1.03057204389503	0.142215164016163	7.46811175169249	3	162	0	3	0.983859132706203
SNV_IRF1	0.0792480905665626	4.98314458495432	0.677744676434059	36.638767987395	1	164	0	1	0.423805006073356
SNV_KLHL6	0.163192549308523	2.66458563131493	0.638641527847095	11.1173737958204	4	161	0	4	0.591719278628611
SNV_LCE1D	0.544552068547587	0.000000301501687608731	0	Inf	1	164	0	1	0.796864413077143
SNV_LTB	0.624081283323765	0.612341045557371	0.0845181891470939	4.43645988938213	5	160	1	4	0.820491509685782
SNV_MAN2C1	0.825789109139592	0.80079210537972	0.110586012027234	5.7988165436381	3	162	0	3	0.93959606277072
SNV_MRGPRX4	0.891420900669172	0.00000608428989623903	0	Inf	1	164	1	0	0.964480975122019
SNV_PABPC1	0.445458077560473	0.000000109851133158088	0	Inf	1	164	0	1	0.740423561350516
SNV_PRKD2	0.681619390657492	1.50971569282597	0.207137233358987	11.0035334362841	3	162	1	2	0.838191527332603
SNV_SAMHD1	0.275299414783744	2.87071222283117	0.394286613971344	20.9010105194979	2	163	0	2	0.714360994743289
SNV_SLC35G5	0.330213741841232	0.000000102431690041741	0	Inf	1	164	1	0	0.72529089725842
SNV_SYT17	0.385205631547811	0.000000109756890744307	0	Inf	2	163	0	2	0.73235376033224
SNV_TNFRSF11B	0.00000488386415760683	26.325843821664	3.16928213320024	218.677297821643	1	164	0	1	0.00030035764569282
SNV_USP7	0.52204942242115	1.89004603155019	0.260063052526517	13.736184231762	2	163	0	2	0.792741715528413
SNV_ATRX	0.417350377525648	2.24285680276032	0.307648233386284	16.3511637376186	2	163	1	1	0.735438385982299
SNV_KDM6A	0.386043156094624	0.000000107163150783468	0	Inf	1	164	1	0	0.73235376033224
SNV_RPL10	0.418542170884235	2.21900663484065	0.305125814498952	16.1375741136572	1	164	1	0	0.735438385982299
SNV_BCL7A	0.405593466464265	2.26620272817578	0.311479207520873	16.4880180801384	2	163	0	2	0.733647005516244
SNV_EGR1	0.21993744634274	0.309906610473439	0.042778262839397	2.24511471107904	8	157	2	6	0.711697136323167
SNV_MAF	0.753928792554097	0.000000822975771849955	0	Inf	1	164	0	1	0.877373772669302
SNV_MAFB	0.691521989269417	0.000000822566882968414	0	Inf	1	164	1	0	0.838191527332603
SNV_PIM1	0.254904427042995	2.23251947439896	0.53872507643373	9.25173789303595	4	161	0	4	0.714360994743289
SNV_TCL1A	0.600096050330396	0.000000302157554475214	0	Inf	1	164	0	1	0.809457021734235
SNV_XBP1	0.627042291954988	1.62615707395736	0.223549533531665	11.8290867684007	3	162	1	2	0.820491509685782
SNV.HS_DIS3	0.655874636105058	0.725475864727798	0.176021901655958	2.99005535874309	8	157	0	8	0.83167608495796
SNV.noHS_DIS3	0.562394970284023	1.41094270741672	0.439592776700794	4.52864430246864	6	159	1	5	0.796864413077143
CNV.Sig	0.000169546295781355	4.07371239315564	1.84236178921755	9.00753194040015	107	58	17	90	0.00319999179442051
APOBEC	0.00686489033385173	2.08308304193289	1.2098393295403	3.58662084595742	80	85	10	70	0.0767619555512512
t_CCND1	0.111918852105029	0.481958677431415	0.191909913736741	1.21038127853094	26	139	5	21	0.529462261881483
t_MMSET	0.0769379678581275	2.03327503715424	0.910087164063197	4.54264991306647	17	148	2	15	0.423805006073356
t_MAF	0.753928792554097	0.000000822975771849955	0	Inf	1	164	0	1	0.877373772669302
CCND3	0.521514078480568	0.528963128132875	0.0730539189030474	3.83007503396843	6	159	1	5	0.792741715528413
CCND2	0.350490801832912	1.73246025977902	0.537789494115428	5.58102860795078	6	159	1	5	0.730684213990647
MAFA	0.893370981915672	1.14876719994233	0.158575024031844	8.32202982607365	3	162	1	2	0.964480975122019
MYC	0.0000347350239784869	3.3603233519391	1.82689442464097	6.18085691065939	17	148	1	16	0.00125298812362792
